function NetfluxODE() 
% Generated by Netflux 0.08a on 28-Oct-2016
 
% species parameters 
speciesNames = {'TNFa','IL1','IL6','LPS','IFNg','IL4','IL12','IL12_mrna','IL10','IL10_mrna','IFNb','IFNb_mrna','TNFR','TRAF2','TAK1','NIK','IKK','IRF5','IKB','NFKB','TNFa_mrna','IL15_mrna','GMCSF_mrna','Mcpt1_mrna','IL8_mrna','IL18_mrna','IKBa_mrna','iNOS_mrna','iNOS','COX2_mrna','COX2','CXCL10_mrna','CXCL10','cAMP','PKA','CREB','CEBPbeta','TSG6','CYP19','MKK36','p38','SP1','ATF2','ELK1','MMP3_mrna','MMP7_mrna','MMP9_mrna','MMP12_mrna','IL1R','TRAF6','cRaf','SOS','Ras','MEK12','ERK12','ETS1','MMP3','MMP7','MMP9','MKK47','JNK','cJun','cFos','AP1','IL1_mrna','IL6_mrna','GP130','JAK2','GRB2','STAT3','A2M_mrna','CRP_mrna','VEGF_mrna','SOCS3_mrna','SOCS3','BCL3','PI3K','AKT','MCL1','CD14','TLR4','TRIF','IRF3','CCL5_mrna','IFNbR','JAKIFNbR','MyD88','IRAK4','IRAK1','IFNgR','GSK3','JAK12_IFNg','SHP2','STAT1','IRF1','IRF1_mrna','SOCS1','SOCS1_mrna','Myc_mrna','SMAD7_mrna','ICAM1_mrna','IL12Rb1','STAT4','IFNg_mrna','IL4R','JAK13_IL4','STAT6','CCL17_mrna','CCL17','PPARg_mrna','PPARg','CD36_mrna','CD36','IL4Ra_mrna','Arg1_mrna','Arg1','CD23_mrna','CD23','AMAC1_mrna','AMAC1','KLF4_mrna','KLF4','Fizz1_mrna','Fizz1','Ym1_mrna','Ym1','IL10R','JAK1IL10R','IL6R','TAB1',}; 
tau = [1.000000e-01, 1.000000e-01, 1.000000e-01, 1.000000e-01, 1.000000e-01, 1.000000e-01, 1.000000e-01, 10, 1.000000e-01, 10, 1.000000e-01, 10, 1.000000e-01, 1.000000e-01, 1.000000e-01, 1.000000e-01, 1.000000e-01, 1.000000e-01, 1.000000e-01, 1.000000e-01, 10, 10, 10, 10, 10, 10, 10, 10, 1.000000e-01, 10, 1.000000e-01, 10, 1.000000e-01, 1.000000e-01, 1.000000e-01, 1.000000e-01, 1.000000e-01, 1.000000e-01, 1.000000e-01, 1.000000e-01, 1.000000e-01, 1.000000e-01, 1.000000e-01, 1.000000e-01, 10, 10, 10, 10, 1.000000e-01, 1.000000e-01, 1.000000e-01, 1.000000e-01, 1.000000e-01, 1.000000e-01, 1.000000e-01, 1.000000e-01, 1.000000e-01, 1.000000e-01, 1.000000e-01, 1.000000e-01, 1.000000e-01, 1.000000e-01, 1.000000e-01, 1.000000e-01, 10, 10, 1.000000e-01, 1.000000e-01, 1.000000e-01, 1.000000e-01, 10, 10, 10, 10, 1.000000e-01, 1.000000e-01, 1.000000e-01, 1.000000e-01, 1.000000e-01, 1.000000e-01, 1.000000e-01, 1.000000e-01, 1.000000e-01, 10, 1.000000e-01, 1.000000e-01, 1.000000e-01, 1.000000e-01, 1.000000e-01, 1.000000e-01, 1.000000e-01, 1.000000e-01, 1.000000e-01, 1.000000e-01, 1.000000e-01, 10, 1.000000e-01, 10, 10, 10, 10, 1.000000e-01, 1.000000e-01, 10, 1.000000e-01, 1.000000e-01, 1.000000e-01, 10, 1.000000e-01, 10, 1.000000e-01, 10, 1.000000e-01, 10, 10, 1.000000e-01, 10, 1.000000e-01, 10, 1.000000e-01, 10, 1.000000e-01, 10, 1.000000e-01, 10, 1.000000e-01, 1.000000e-01, 1.000000e-01, 1.000000e-01, 1.000000e-01, ]; 
ymax = [1, 1, 1, 1, 1, 1, 1, 1, 1, 1, 1, 1, 1, 1, 1, 1, 1, 1, 1, 1, 1, 1, 1, 1, 1, 1, 1, 1, 1, 1, 1, 1, 1, 1, 1, 1, 1, 1, 1, 1, 1, 1, 1, 1, 1, 1, 1, 1, 1, 1, 1, 1, 1, 1, 1, 1, 1, 1, 1, 1, 1, 1, 1, 1, 1, 1, 1, 1, 1, 1, 1, 1, 1, 1, 1, 1, 1, 1, 1, 1, 1, 1, 1, 1, 1, 1, 1, 1, 1, 1, 1, 1, 1, 1, 1, 1, 1, 1, 1, 1, 1, 1, 1, 1, 1, 1, 1, 1, 1, 1, 1, 1, 1, 1, 1, 1, 1, 1, 1, 1, 1, 1, 1, 1, 1, 1, 1, 1, 1, 1, ];
 
% reaction parameters 
w = [5.000000e-02, 5.000000e-02, 5.000000e-02, 5.000000e-02, 5.000000e-02, 5.000000e-02, 1, 1, 1, 1, 1, 1, 1, 1, 1, 5.000000e-01, 1, 1, 1, 1, 1, 1, 1, 1, 1, 1, 1, 1, 1, 1, 1, 1, 1, 1, 1, 1, 5.000000e-01, 5.000000e-01, 1, 1, 1, 1, 1, 1, 1, 5.000000e-01, 1, 1, 1, 5.000000e-01, 1, 1, 1, 1, 1, 1, 1, 5.000000e-01, 1, 5.000000e-01, 1, 1, 5.000000e-01, 1, 1, 1, 1, 1, 1, 1, 1, 1, 1, 1, 1, 5.000000e-01, 1, 1, 1, 5.000000e-01, 5.000000e-01, 5.000000e-01, 1, 1, 1, 1, 1, 1, 1, 1, 1, 1, 1, 1, 1, 1, 1, 1, 1, 1, 1, 1, 1, 1, 1, 1, 1, 1, 1, 1, 1, 1, 1, 1, 1, 5.000000e-01, 1, 1, 1, 1, 1, 1, 1, 1, 1, 1, 1, 1, 5.000000e-01, 1, 5.000000e-01, 1, 1, 1, 1, 1, 1, 1, 5.000000e-01, 1, 1, 1, 5.000000e-01, 1, 1, 1, 1, 1, 5.000000e-01, 1, 5.000000e-01, 1, 5.000000e-01, 1, 5.000000e-01, 1, 1, 5.000000e-01, 1, 5.000000e-01, 1, 5.000000e-01, 1, 5.000000e-01, 1, 5.000000e-01, 1, 5.000000e-01, 1, 5.000000e-01, 1, 1, 1, 1, 1, 1, 1, 5.000000e-02, 5.000000e-02, 5.000000e-02, ]; 
n = [1.400000e+00, 1.400000e+00, 1.400000e+00, 1.400000e+00, 1.400000e+00, 1.400000e+00, 1.400000e+00, 1.400000e+00, 1.400000e+00, 1.400000e+00, 1.400000e+00, 1.400000e+00, 1.400000e+00, 1.400000e+00, 1.400000e+00, 1.400000e+00, 1.400000e+00, 1.400000e+00, 1.400000e+00, 1.400000e+00, 1.400000e+00, 1.400000e+00, 1.400000e+00, 1.400000e+00, 1.400000e+00, 1.400000e+00, 1.400000e+00, 1.400000e+00, 1.400000e+00, 1.400000e+00, 1.400000e+00, 1.400000e+00, 1.400000e+00, 1.400000e+00, 1.400000e+00, 1.400000e+00, 1.400000e+00, 1.400000e+00, 1.400000e+00, 1.400000e+00, 1.400000e+00, 1.400000e+00, 1.400000e+00, 1.400000e+00, 1.400000e+00, 1.400000e+00, 1.400000e+00, 1.400000e+00, 1.400000e+00, 1.400000e+00, 1.400000e+00, 1.400000e+00, 1.400000e+00, 1.400000e+00, 1.400000e+00, 1.400000e+00, 1.400000e+00, 1.400000e+00, 1.400000e+00, 1.400000e+00, 1.400000e+00, 1.400000e+00, 1.400000e+00, 1.400000e+00, 1.400000e+00, 1.400000e+00, 1.400000e+00, 1.400000e+00, 1.400000e+00, 1.400000e+00, 1.400000e+00, 1.400000e+00, 1.400000e+00, 1.400000e+00, 1.400000e+00, 1.400000e+00, 1.400000e+00, 1.400000e+00, 1.400000e+00, 1.400000e+00, 1.400000e+00, 1.400000e+00, 1.400000e+00, 1.400000e+00, 1.400000e+00, 1.400000e+00, 1.400000e+00, 1.400000e+00, 1.400000e+00, 1.400000e+00, 1.400000e+00, 1.400000e+00, 1.400000e+00, 1.400000e+00, 1.400000e+00, 1.400000e+00, 1.400000e+00, 1.400000e+00, 1.400000e+00, 1.400000e+00, 1.400000e+00, 1.400000e+00, 1.400000e+00, 1.400000e+00, 1.400000e+00, 1.400000e+00, 1.400000e+00, 1.400000e+00, 1.400000e+00, 1.400000e+00, 1.400000e+00, 1.400000e+00, 1.400000e+00, 1.400000e+00, 1.400000e+00, 1.400000e+00, 1.400000e+00, 1.400000e+00, 1.400000e+00, 1.400000e+00, 1.400000e+00, 1.400000e+00, 1.400000e+00, 1.400000e+00, 1.400000e+00, 1.400000e+00, 1.400000e+00, 1.400000e+00, 1.400000e+00, 1.400000e+00, 1.400000e+00, 1.400000e+00, 1.400000e+00, 1.400000e+00, 1.400000e+00, 1.400000e+00, 1.400000e+00, 1.400000e+00, 1.400000e+00, 1.400000e+00, 1.400000e+00, 1.400000e+00, 1.400000e+00, 1.400000e+00, 1.400000e+00, 1.400000e+00, 1.400000e+00, 1.400000e+00, 1.400000e+00, 1.400000e+00, 1.400000e+00, 1.400000e+00, 1.400000e+00, 1.400000e+00, 1.400000e+00, 1.400000e+00, 1.400000e+00, 1.400000e+00, 1.400000e+00, 1.400000e+00, 1.400000e+00, 1.400000e+00, 1.400000e+00, 1.400000e+00, 1.400000e+00, 1.400000e+00, 1.400000e+00, 1.400000e+00, 1.400000e+00, 1.400000e+00, 1.400000e+00, 1.400000e+00, 1.400000e+00, 1.400000e+00, 1.400000e+00, 1.400000e+00, 1.400000e+00, 1.400000e+00, 1.400000e+00, 1.400000e+00, ]; 
